eval_accuracy = 0.8894736842105263
eval_loss = 0.46114007560405046
global_step = 0
